                                   Dem   Lib     Rep     Una
Age         Gender Race Ethnic                              
18-25       F      A    HL          43     0      11      52
                        NL        2228    49     509    3091
                        UN         627    11     160     963
                   B    HL         621     4      17     260
                        NL       59084   376    2188   19486
                        UN       22493   133     635    8156
                   I    HL          52     5      14      61
                        NL        1306    24     497    1226
                        UN         202     6      84     187
                   M    HL        1172    50     231    1104
                        NL        2105    64     372    2027
                        UN        1099    27     183     931
                   O    HL        5672   187    1069    5519
                        NL        2449    91     729    3194
                        UN         542    18     144     719
                   U    HL        1990    45     276    1969
                        NL         230     4     122     556
                        UN        1872    54     889    4787
                   W    HL        2359    86     856    2710
                        NL       34669  2154   65999   85799
                        UN        8128   514   15095   19428
            M      A    HL          35     2       8      58
                        NL        1545    49     599    3093
                        UN         360    14     142     834
                   B    HL         366     5      24     251
                        NL       46025   361    2851   21228
                        UN       17179    87     790    8028
                   I    HL          30     3      16      45
                        NL        1090    27     517    1150
                        UN         153     3      88     235
                   M    HL         625    37     245     960
                        NL        1119    49     394    1490
                        UN         678    26     196     855
                   O    HL        4387   147    1456    5843
                        NL        2056   103     986    3419
                        UN         442    20     184     796
                   U    HL        1169    45     209    1375
                        NL         149     9     122     476
                        UN        1348    56    1060    4188
                   W    HL        1503    69     874    2406
                        NL       25040  2891   71810   82316
                        UN        5802   606   16469   17876
            U      A    HL           1     0       0       1
                        NL          22     1       2      16
                        UN         128     1      27     152
                   B    HL           6     0       2       1
                        NL         391     2       9     161
                        UN        2370     7      68    1221
                   I    HL           1     0       0       1
                        NL           5     0       2       5
                        UN          29     0      20      35
                   M    HL          12     0       1      11
                        NL          19     0       7      24
                        UN         139     5      40     190
                   O    HL          84     3      13      85
                        NL           7     1       1      20
                        UN          72     0      17     109
                   U    HL         250     4      49     286
                        NL          30     2      18      86
                        UN        3900   112    2724   26481
                   W    HL          11     1      16      23
                        NL         354    26     591     732
                        UN        1040    61    2287    2588
26-40       F      A    HL          49     1      21      39
                        NL        3553    61    1234    4790
                        UN        1559    27     535    2139
                   B    HL        1001     9      41     331
                        NL      137605   416    4036   29851
                        UN       49699   126    1152   10828
                   I    HL          70     5      17      42
                        NL        3776    24     934    2355
                        UN         604     8     194     449
                   M    HL        1112    37     254     964
                        NL        2518    61     444    1757
                        UN        1722    26     211    1065
                   O    HL        6026   134    1655    5775
                        NL        4490    86    1556    4915
                        UN        1236    23     311    1253
                   U    HL        2814    47     509    2488
                        NL         699    18     293     761
                        UN        4787    93    1912    6824
                   W    HL        3253   101    1476    3727
                        NL      105215  3550  161206  189442
                        UN       23851   843   31933   39943
            M      A    HL          27     1       6      37
                        NL        2368    50    1055    4029
                        UN        1090    16     398    1695
                   B    HL         530     8      53     247
                        NL       85874   441    4382   29347
                        UN       40479   139    1203   10981
                   I    HL          36     1      14      32
                        NL        2314    29     842    1904
                        UN         483     9     224     414
                   M    HL         613    24     257     818
                        NL        1189    46     400    1334
                        UN        1150    35     265     953
                   O    HL        4338   144    1816    5332
                        NL        3294   121    1727    5111
                        UN         945    45     330    1357
                   U    HL        1780    24     417    1581
                        NL         436    13     314     744
                        UN        3450   141    2100    6742
                   W    HL        1923    95    1395    2821
                        NL       69189  5386  153003  172211
                        UN       17339  1267   34987   39028
            U      A    HL           0     0       1       1
                        NL          26     0       5      31
                        UN         155     0      49     185
                   B    HL          16     0       0       4
                        NL         727     2      15     181
                        UN        2707     8      60     875
                   I    NL           6     0       4      13
                        UN          32     0      16      49
                   M    HL          11     0       1       9
                        NL          17     0       6      12
                        UN         152     5      37     121
                   O    HL          58     2      17      44
                        NL          11     1       3      16
                        UN          76     4      26     123
                   U    HL         250     3      66     275
                        NL         120     2      74     175
                        UN        5823   199    3578   20277
                   W    HL          14     0      12      21
                        NL         877    60    1039    1405
                        UN        1495    67    2023    2267
41-65       F      A    HL          51     1      28      51
                        NL        3376    47    2239    5421
                        UN        2034    21    1294    3373
                   B    HL         642     2      26     140
                        NL      247181   218    5592   27620
                        UN       69176    76    1362    9519
                   I    HL          51     1      14      32
                        NL        7678    26    1568    2396
                        UN        1021     9     370     519
                   M    HL         515     9     160     388
                        NL        1290    21     306     677
                        UN        1023    15     222     492
                   O    HL        5514    59    1870    3744
                        NL        6636    61    3694    6035
                        UN        1455    16     493    1259
                   U    HL        2915    19     794    2269
                        NL        1303     4     674    1077
                        UN        5778    62    2790    6974
                   W    HL        3000    38    1786    3089
                        NL      263710  2139  399233  258219
                        UN       36655   630   58983   46935
            M      A    HL          41     0      18      39
                        NL        2570    53    1767    5200
                        UN        1547    18     884    3048
                   B    HL         421     2      43     114
                        NL      167376   252    6623   30598
                        UN       59198    96    1643   10481
                   I    HL          35     1      14      30
                        NL        5372    14    1582    2054
                        UN         734    15     382     491
                   M    HL         393     8     166     407
                        NL         638    23     375     695
                        UN         608    11     287     612
                   O    HL        4673    56    2106    3605
                        NL        5636   117    4076    6699
                        UN        1175    24     548    1514
                   U    HL        2548    30     746    1960
                        NL         922     7     798    1072
                        UN        4449    89    3182    6863
                   W    HL        2263    37    1748    2597
                        NL      180286  3461  392928  250217
                        UN       24773   930   61468   48093
            U      A    HL           0     0       0       1
                        NL          32     0      15      46
                        UN         235     2     100     322
                   B    HL          10     0       1       3
                        NL         840     2      20     153
                        UN        3802     5     112     858
                   I    HL           0     0       0       1
                        NL          14     0       7       5
                        UN          46     1      34      38
                   M    HL           5     0       1       7
                        NL           9     0       6      10
                        UN          82     1      26      51
                   O    HL          71     0      33      41
                        NL          32     0       8      35
                        UN          90     0      24      83
                   U    HL         298     5     113     271
                        NL         251     3     150     274
                        UN        6358    75    4486   17739
                   W    HL          23     0      22      32
                        NL         793    15    1290    1048
                        UN        1601    30    2547    1956
66 and over F      A    HL          11     0       9      14
                        NL         771    10     598     873
                        UN         498     9     410     655
                   B    HL         125     0       4      23
                        NL      107710    25    1233    4467
                        UN       19334    12     249    1497
                   I    HL          15     1       4       2
                        NL        3334     3     513     546
                        UN         356     0      89     100
                   M    HL          71     1      11      41
                        NL         195     0      39     108
                        UN         209     1      40      89
                   O    HL        1092     6     356     445
                        NL        2124     4    1344    1346
                        UN         324     2     153     210
                   U    HL         601     5     174     336
                        NL         649     1     308     384
                        UN        1949     3    1151    1957
                   W    HL         788     5     467     480
                        NL      212548   313  211315  107962
                        UN       21199   146   29245   19365
            M      A    HL           7     0       4       6
                        NL         647     9     417     835
                        UN         431     3     278     662
                   B    HL          83     0       5      19
                        NL       65137    30    1621    4815
                        UN       13467     3     290    1511
                   I    HL           9     0       4       2
                        NL        2464     6     455     449
                        UN         238     2      90     100
                   M    HL          57     1      25      38
                        NL         141     3      73     132
                        UN         114     3      60      91
                   O    HL         969     6     319     386
                        NL        1714     5    1066    1562
                        UN         273     4     134     259
                   U    HL         490     1     162     257
                        NL         386     2     286     355
                        UN        1200    22     903    1648
                   W    HL         596     3     395     453
                        NL      141399   428  180492  104728
                        UN       12770   138   23658   18103
            U      A    NL           8     0      13       9
                        UN          37     0      28      57
                   B    HL           4     0       0       0
                        NL         167     0       1      19
                        UN         975     1      17     178
                   I    NL           2     0       5       1
                        UN          20     0       8       5
                   M    HL           1     0       0       2
                        NL           2     0       1       3
                        UN          20     0       4       3
                   O    HL           8     1       2       8
                        NL           3     0       6       8
                        UN          23     0      10      18
                   U    HL          50     0      20      26
                        NL         101     0      64      71
                        UN        1797    10    1371    3960
                   W    HL           5     0       4       7
                        NL         315     3     379     305
                        UN         736     3     989     643
All                            2637997 32912 2052406 2036141
